7.62e-01	1.18e+03	3.43e+00	1.26e-03	1.88e-04	3.44e+02	2.08e+01	1.59e-39	3.17e-39	b	51Peg
9.19e-01	6.45e+02	9.20e+00	1.84e-04	3.23e-05	1.33e+02	2.83e+01	1.09e-38	2.17e-38	b	55Cnc
1.81e+00	6.01e+02	2.60e+00	1.14e-04	2.18e-04	1.11e+02	2.04e+01	1.75e-38	3.50e-38	b	BD+201790
2.14e+00	3.70e+02	1.13e+02	3.73e-06	2.94e+00	2.25e+02	1.02e+01	5.37e-37	1.07e-36	b	CFBDSIRJ145829+101343
2.46e+00	2.38e+03	5.71e+03	9.66e-04	1.83e+01	6.59e+01	2.50e+01	2.07e-39	4.14e-39	b	FUTau
9.32e-01	8.00e+02	2.30e+00	2.09e-05	4.04e-05	3.46e+01	6.56e+01	9.55e-38	1.91e-37	b	HD13908
1.02e+00	7.47e+02	2.15e+00	1.42e-05	3.86e-05	4.24e+01	7.18e+01	1.41e-37	2.81e-37	b	HD17156
1.51e+00	7.09e+02	3.72e+00	9.60e-05	9.31e-05	3.07e+02	1.88e+01	2.08e-38	4.17e-38	b	HD195019
9.23e-01	8.45e+02	3.09e+00	6.62e-05	4.42e-05	8.66e+01	1.17e+00	3.02e-38	6.05e-38	b	HD38529
1.33e+00	6.56e+02	2.58e+00	7.66e-06	2.54e-05	9.49e+01	4.11e+01	2.61e-37	5.22e-37	b	HD43691
2.95e-01	8.26e+02	3.37e+00	3.85e-05	1.51e-05	2.05e+01	7.67e+01	5.19e-38	1.04e-37	b	HD7924
8.68e-01	5.88e+02	3.58e+00	5.24e-06	1.16e-05	2.33e+01	2.93e+01	3.81e-37	7.63e-37	b	HD9446
1.90e+00	7.99e+02	1.07e+01	1.56e-06	7.89e-05	2.38e+02	1.29e+01	1.29e-36	2.57e-36	c	NNSer
1.29e+00	9.98e+02	6.86e+00	1.88e-06	9.51e-05	2.38e+02	1.29e+01	1.07e-36	2.13e-36	d	NNSer
9.34e-01	4.50e+02	7.92e+02	2.29e-05	1.64e+00	1.84e+02	1.64e+01	8.72e-38	1.74e-37	b	WISEPJ121756.91+162640.2A
2.34e+00	1.90e+03	1.06e+03	3.89e-03	5.57e-04	3.55e+02	4.43e+01	5.14e-40	1.03e-39	b	kapAnd
9.93e-01	6.14e+02	1.27e+01	8.46e-05	2.63e-05	2.40e+02	3.33e+01	2.36e-38	4.73e-38	b	rhoCrB
1.59e+00	1.48e+03	3.14e+00	1.06e-02	1.00e-03	2.07e+02	1.75e+01	1.88e-40	3.76e-40	b	tauBoo
1.96e+00	1.70e+03	2.28e+03	2.69e-04	1.04e-02	2.42e+02	-2.11e+01	7.44e-39	1.49e-38	b	1RXSJ160929.1-210524
1.50e+00	1.15e+03	8.78e+02	3.86e-04	4.99e-02	1.82e+02	-3.95e+01	5.18e-39	1.04e-38	b	2MASSJ12073346-3932539
2.93e-01	7.72e+02	2.13e+00	1.94e-05	1.93e-05	8.83e+01	-5.99e+00	1.03e-37	2.07e-37	b	BD-061339
1.54e+00	5.92e+02	1.04e+01	4.07e-04	7.64e-05	3.26e+01	-5.08e+01	4.92e-39	9.84e-39	b	GJ86
2.46e+00	2.30e+03	2.21e+03	8.44e-04	2.76e-02	2.45e+02	-2.07e+01	2.37e-39	4.74e-39	b	GSC06214-00210
2.18e+00	1.80e+03	7.08e+03	9.53e-04	2.43e-03	1.84e+02	-5.60e+01	2.10e-39	4.20e-39	b	HD106906
6.25e-01	9.75e+02	2.65e+00	6.73e-05	4.44e-05	1.86e+02	-6.40e+01	2.97e-38	5.94e-38	b	HD108147
1.02e+00	7.50e+02	3.11e+00	9.31e-05	8.56e-05	2.22e+02	-2.81e-01	2.15e-38	4.30e-38	b	HD130322
3.14e-01	8.84e+02	5.95e+00	7.20e-05	1.14e-05	2.66e+02	-5.18e+01	2.78e-38	5.55e-38	d	HD160691
2.38e+00	6.78e+02	2.37e+00	2.67e-04	4.75e-04	2.68e+02	-4.03e+01	7.50e-39	1.50e-38	b	HD162020
1.09e+00	9.21e+02	3.79e+00	6.22e-04	1.91e-04	3.45e+02	-2.40e+00	3.22e-39	6.43e-39	b	HD217107
7.44e-01	6.16e+02	3.67e+00	8.88e-06	1.48e-05	1.62e+01	-3.95e+01	2.25e-37	4.51e-37	b	HD6434
3.11e-01	7.87e+02	6.24e+00	6.09e-05	1.15e-05	1.25e+02	-1.26e+01	3.28e-38	6.56e-38	b	HD69830
1.72e+00	5.31e+02	3.13e+00	5.46e-06	2.27e-05	1.29e+02	-1.45e+01	3.66e-37	7.33e-37	b	HD72892
1.50e+00	1.50e+03	8.26e+02	1.93e-04	2.87e-04	2.01e+02	-5.15e+01	1.04e-38	2.07e-38	b	HIP65426
2.78e+00	2.70e+03	4.72e+03	1.26e-03	1.85e-03	2.40e+02	-2.20e+01	1.59e-39	3.18e-39	b	HIP78530
2.36e+00	2.18e+03	1.94e+03	9.25e-04	1.22e+02	2.46e+02	-2.41e+01	2.16e-39	4.32e-39	b	Oph11