Star					Grp	SpType		 Vmag	e_Vmag	 V-J	 e_V-J	Dist	e_Dist	 VMAG	e_VMAG	  _RA		  _DE
HR 8425                	AB	B7IVn      	 1.734	 0.012	-0.257	 0.032	30.969	 0.201	-0.721	 0.031	332.05825	-46.96097
HR 7348                	AB	B8Vs       	 3.962	 0.004	-0.174	 0.030	55.741	 0.684	 0.231	 0.053	290.97154	-40.61594
HR 838                 	AB	B8Vn       	 3.613	 0.016	-0.166	 0.034	50.787	 0.490	 0.084	 0.045	042.49596	+27.26050
HR 8911                	AB	A2Vp       	 4.936	 0.011	 0.034	 0.021	47.059	 0.642	 1.573	 0.060	351.73317	+01.25561
HR 9016                	AB	A0Va+n     	 4.568	 0.008	 0.036	 0.022	42.141	 0.391	 1.444	 0.041	357.23146	-28.13028
HR 1014                	AB	A3V        	 6.022	 0.009	 0.240	 0.025	54.945	 0.906	 2.322	 0.072	049.49612	-66.92686
HR 7214                	AB	A4V        	 5.816	 0.009	 0.354	 0.022	54.885	 0.934	 2.119	 0.076	285.88437	+01.81878
HD 25953               	AB	F5V        	 7.825	 0.012	 0.933	 0.029	55.188	 2.802	 4.115	 0.221	061.67304	+01.68392
HD 4277                	AB	F8V        	 7.590	 0.014	 0.945	 0.024	52.521	 2.455	 3.988	 0.204	011.46204	+54.97783
HR 1249                	AB	F7V        	 5.377	 0.011	 0.984	 0.032	18.832	 0.113	 4.002	 0.028	060.65312	-00.26892
HD 45270               	AB	G1V        	 6.517	 0.010	 1.084	 0.037	23.781	 0.153	 4.636	 0.030	095.62892	-60.21864
HD 178085              	AB	G0V        	 8.307	 0.013	 1.106	 0.027	61.350	 2.898	 4.368	 0.206	287.74104	-60.27219
HD 152555              	AB	G0V     	 7.817	 0.012	 1.117	 0.027	46.729	 2.009	 4.469	 0.187	253.53392	-04.34019
BD+21 418              	AB	G5V        	 8.512	 0.017	 1.129	 0.026	53.706	 3.259	 4.862	 0.264	047.80767	+22.41586
HD 217343              	AB	G5Vk     	 7.483	 0.012	 1.192	 0.023	30.760	 0.671	 5.043	 0.096	345.08037	-26.15375
AK Pic                 	AB	G2V        	 6.184	 0.004	 1.245	 0.026	21.295	 0.367	 4.531	 0.075	099.50154	-61.53339
HD 222575              	AB	G8V        	 9.378	 0.025	 1.281	 0.035	63.694	 4.584	 5.357	 0.314	355.47621	-35.97772
BD+41 4749             	AB	G0V        	 8.928	 0.016	 1.323	 0.025	50.150	 2.867	 5.427	 0.249	349.91483	+42.25272
HD 16760               	AB	G2V        	 8.765	 0.016	 1.334	 0.028	45.455	 4.855	 5.477	 0.464	040.58879	+38.61867
IS Eri                 	AB	G0V        	 8.491	 0.022	 1.335	 0.036	37.411	 1.568	 5.626	 0.183	047.42621	-09.57961
HD 218860              	AB	G8V        	 8.803	 0.017	 1.336	 0.031	49.358	 2.753	 5.336	 0.243	347.96687	-45.13628
BD-12 243              	AB	G9Vk       	 8.391	 0.015	 1.365	 0.025	34.400	 1.195	 5.709	 0.152	020.13446	-11.46769
V577 Per               	AB	K2V        	 8.250	 0.013	 1.414	 0.024	34.388	 1.206	 5.568	 0.153	053.30621	+46.25736
HD 6569                	AB	K1V        	 9.446	 0.026	 1.537	 0.036	47.348	 2.758	 6.070	 0.254	016.60896	-14.29642
UY Pic                 	AB	K5Vk     	 7.910	 0.013	 1.540	 0.022	25.113	 0.858	 5.910	 0.149	084.23687	-47.96469
HD 17332A              	AB	G1V        	 7.446	 0.013	 1.578	 0.024	33.557	 0.923	 4.817	 0.120	041.86425	+19.37183
HD 37551A              	AB	G7V        	 9.675	 0.026	 1.595	 0.037	76.628	 2.995	 5.253	 0.172	084.30379	-42.71544
HD 36705A              	AB	K2Vk       	 6.937	 0.011	 1.621	 0.022	15.168	 0.131	 6.033	 0.039	082.18679	-65.44858
PX Vir                 	AB	K1Vk       	 7.701	 0.013	 1.648	 0.025	21.692	 0.381	 6.019	 0.077	195.95687	-05.16181
HD 13482               	AB	K1IV   	 	 7.861	 0.011	 1.658	 0.021	36.630	 1.462	 5.000	 0.174	033.06421	+23.95819
GJ 4377                	AB	K3Vk     	 8.248	 0.013	 1.738	 0.029	21.968	 0.449	 6.539	 0.090	359.04446	-39.05233
PW And                 	AB	K2V        	 8.860	 0.014	 1.845	 0.028	28.600	 1.300	 6.578	 0.198	004.58704	+30.95617
HD 16760B              	AB	K2V        	10.270	 0.046	 1.893	 0.052	50.429	 6.663	 6.756	 0.576	040.58725	+38.62253
LO Peg                 	AB	K3Vke      	 9.245	 0.019	 2.170	 0.029	24.802	 0.652	 7.273	 0.116	322.75712	+23.33539
HD 17332B              	AB	G5V        	 8.171	 0.017	 2.199	 0.063	33.557	 0.923	 5.542	 0.120	041.86346	+19.37244
BD+21 418B             	AB	K6V        	10.599	 0.010	 2.241	 0.026	52.466	 8.588	 7.000	 0.711	047.80137	+22.42297
HD 201919              	AB	K6Ve       	10.640	 0.010	 2.292	 0.031	39.000	 1.000	 7.685	 0.112	318.27196	-17.48683
HD 37551B              	AB	K1V        	10.600	 0.055	 2.331	 0.081	76.628	 2.995	 6.178	 0.178	084.30508	-42.71592
HIP 26369              	AB	K5Vke      	 9.810	 0.010	 2.362	 0.028	25.634	 4.823	 7.766	 0.817	084.22950	-47.96333
HIP 31878              	AB	K7Ve       	 9.682	 0.036	 2.381	 0.041	22.351	 0.455	 7.935	 0.095	099.95842	-61.47819
HS Psc                 	AB	K5V        	10.855	 0.060	 2.426	 0.064	38.700	 1.700	 7.916	 0.200	024.34679	+26.95336
HD 35650               	AB	K6Vke      	 9.144	 0.021	 2.442	 0.028	18.002	 0.298	 7.867	 0.075	081.12571	-38.96967
HD 160934              	AB	K8V        	10.149	 0.044	 2.531	 0.050	33.124	 2.194	 7.549	 0.291	264.66512	+61.23778
HD 217379              	AB	K5Vke    	 9.631	 0.020	 2.583	 0.027	30.544	 1.894	 7.206	 0.270	345.11646	-26.31189
BD+05 4576             	AB	K7V        	10.518	 0.077	 2.596	 0.079	41.200	 1.900	 7.443	 0.214	309.97750	+06.33664
V493 And               	AB	K5V        	11.095	 0.050	 2.614	 0.056	51.800	 2.300	 7.523	 0.199	008.53512	+25.39719
HD 139751              	AB	K4V      	10.372	 0.082	 2.643	 0.088	40.193	 1.115	 7.351	 0.146	235.11829	-18.69617
TYC 4943-192-1         	AB	M0Ve       	11.373	 0.020	 2.702	 0.039	46.400	 2.100	 8.040	 0.198	183.82662	-02.62453
HIP 81084              	AB	K9Vkee     	11.280	 0.030	 2.903	 0.037	30.675	 2.324	 8.846	 0.330	248.42337	-09.55331
HD 21845B              	AB	M0V        	11.286	 0.081	 2.904	 0.085	34.388	 1.206	 8.604	 0.173	053.30854	+46.25528
2MASS J20465795-0259320	AB	M0V        	12.057	 0.050	 2.935	 0.056	47.000	 2.000	 8.697	 0.191	311.74158	-02.99225
2MASS J04571728-0621564	AB	M3V      	12.460	 0.040	 2.951	 0.046	49.000	 3.000	 9.009	 0.269	074.32204	-06.36572
2MASS J05531299-4505119	AB	M0Ve       	11.630	 0.010	 3.034	 0.032	34.000	 4.000	 8.973	 0.511	088.30412	-45.08664
CD-35 2722             	AB	M1Ve       	10.980	 0.010	 3.060	 0.025	21.300	 1.400	 9.338	 0.286	092.33004	-35.82531
GJ 9809                	AB	M3V      	10.922	 0.088	 3.107	 0.091	24.504	 0.961	 8.976	 0.192	346.52017	+63.92622
GJ 490A                	AB	M0V        	10.557	 0.012	 3.156	 0.022	19.257	 1.112	 9.134	 0.251	194.41775	+35.22500
HD 218860B             	AB	M3Ve       	13.000	 0.100	 3.276	 0.103	49.358	 2.753	 9.533	 0.262	347.97342	-45.13344
2MASS J04554034-1917553	AB	M3V      	13.087	 0.030	 3.309	 0.037	49.000	 4.000	 9.636	 0.356	073.91812	-19.29875
2MASS J01484087-4830519	AB	M3V      	12.568	 0.030	 3.374	 0.040	36.000	 2.000	 9.786	 0.243	027.17033	-48.51444
2MASS J05240991-4223054	AB	M3V      	14.000	 0.100	 3.417	 0.102	52.000	 9.000	10.420	 0.758	081.04129	-42.38486
V372 Pup               	AB	M3V+M3V	10.074	 0.052	 3.459	 0.057	15.694	 0.433	 9.096	 0.131	112.21404	-30.24681
GJ 393                 	AB	M2V        	 9.655	 0.008	 3.479	 0.022	 7.067	 0.111	10.409	 0.069	157.23146	+00.84100
2MASS J15244849-4929473	AB	M2V        	11.643	 0.020	 3.487	 0.033	23.000	 1.000	 9.834	 0.190	231.20204	-49.49656
2MASS J12383713-2703348	AB	M3V      	12.439	 0.030	 3.711	 0.046	25.000	 1.000	10.449	 0.176	189.65471	-27.05967
HIP 17695              	AB	M3Vkee   	11.599	 0.070	 3.755	 0.075	16.129	 0.749	10.521	 0.214	056.84725	-01.97219
2MASS J23513366+3127229	AB	M2V+L0   	13.602	 0.060	 3.781	 0.064	42.000	 2.000	10.486	 0.215	357.89029	+31.45639
GJ 856                 	AB	M0Ve       	10.762	 0.030	 3.864	 0.036	15.511	 1.561	 9.809	 0.438	335.87125	+32.45942
GU Psc                 	AB	M3Ve       	14.103	 0.060	 3.892	 0.064	48.000	 2.000	10.697	 0.191	018.14600	+17.06547
GJ 4231                	AB	M3V      	12.141	 0.010	 3.893	 0.028	30.497	 5.255	 9.720	 0.748	328.04342	+05.62664
TYC 5899-26-1          	AB	M4V      	11.639	 0.050	 3.899	 0.054	16.300	 0.400	10.578	 0.118	073.10171	-16.82278
GJ 2036A               	AB	M3Ve       	11.160	 0.010	 3.963	 0.029	11.109	 0.244	10.932	 0.096	073.38004	-55.86033
2MASS J23320018-3917368	AB	M3V        	12.924	 0.050	 4.023	 0.058	23.000	 1.000	11.115	 0.195	353.00067	-39.29361
2MASS J05254166-0909123	AB	M4V+M4V	12.569	 0.020	 4.115	 0.033	20.700	 2.200	10.989	 0.462	081.42362	-09.15350
2MASS J01225093-2439505	AB	M4V      	14.244	 0.070	 4.160	 0.075	33.000	 1.000	11.651	 0.149	020.71225	-24.66406
2MASS J06255610-6003273	AB	M3V        	12.302	 0.020	 4.208	 0.033	14.100	 1.500	11.556	 0.462	096.48375	-60.05753
GJ 490B                	AB	M5V      	13.120	 0.100	 4.248	 0.106	19.257	 1.112	11.697	 0.270	194.41383	+35.22197
2MASS J04141730-0906544	AB	M5V      	13.884	 0.070	 4.254	 0.074	23.800	 1.400	12.001	 0.265	063.57212	-09.11517
2MASS J08471906-5717547	AB	M4V        	13.697	 0.020	 4.290	 0.031	22.000	 2.000	11.985	 0.395	131.82942	-57.29853
2MASS J11254754-4410267	AB	M4V        	14.634	 0.020	 4.293	 0.033	49.000	 3.000	11.183	 0.267	171.44812	-44.17411
GJ 2036B               	AB	M3Ve       	12.100	 0.100	 4.305	 0.102	11.109	 0.244	11.872	 0.138	073.37725	-55.85881
2MASS J02070786-1810077	AB	M4V        	15.020	 0.010	 4.322	 0.026	38.000	 2.000	12.121	 0.229	031.78275	-18.16883
2MASS J21471964-4803166	AB	M4V        	15.070	 0.030	 4.336	 0.037	67.000	 3.000	10.940	 0.197	326.83187	-48.05464
GJ 2022AC              	AB	M4Ve     	13.560	 0.040	 4.357	 0.054	25.316	 0.820	11.543	 0.146	021.11533	-33.91906
2MASS J16074132-1103073	AB	M4V        	14.231	 0.010	 4.414	 0.025	36.000	 2.000	11.449	 0.242	241.92217	-11.05214
2MASS J04363294-7851021	AB	M4V        	15.483	 0.010	 4.506	 0.025	56.000	 5.000	11.742	 0.388	069.13729	-78.85058
2MASS J21464282-8543046	AB	M4V      	13.409	 0.040	 4.565	 0.046	18.000	 1.000	12.133	 0.245	326.67679	-85.71783
GJ 3270                	AB	M4Ve     	13.840	 0.020	 4.810	 0.033	13.648	 0.237	13.165	 0.078	064.32717	+08.82281
HD 36705B              	AB	M4V        	13.000	 0.100	 4.829	 0.102	15.168	 0.131	12.095	 0.107	082.18529	-65.44619
GJ 2022B               	AB	M5Ve     	15.500	 0.060	 4.945	 0.065	25.316	 0.820	13.483	 0.153	021.11579	-33.91867
HR 7590                	Ar	A0Va       	 3.953	 0.005	 0.007	 0.030	32.216	 0.176	 1.413	 0.024	300.14817	-72.91050
HR 4023                	Ar	A2Va       	 3.844	 0.005	 0.119	 0.030	31.075	 0.145	 1.382	 0.021	153.68400	-42.12194
HR 6037                	Ar	A4IV/V     	 5.943	 0.009	 0.175	 0.035	52.219	 1.145	 2.354	 0.096	244.27254	-67.94128
HR 4534                	Ar	A3Va       	 2.135	 0.012	 0.198	 0.032	11.000	 0.063	 1.928	 0.028	177.26492	+14.57206
HR 7736                	Ar	A0.5Va     	 4.942	 0.009	 0.424	 0.019	42.699	 0.401	 1.790	 0.042	303.63346	+36.80631
HD 123058              	Ar	F5V      	 7.739	 0.011	 0.764	 0.022	64.144	 3.333	 3.703	 0.226	211.87204	-61.56228
HD 84075               	Ar	G2V        	 8.592	 0.013	 1.117	 0.029	67.981	 2.773	 4.430	 0.178	144.07425	-78.34489
HD 43162               	Ar	G6V      	 6.366	 0.009	 1.237	 0.020	16.722	 0.137	 5.250	 0.037	093.43875	-23.86194
HD 61005               	Ar	G8Vk       	 8.218	 0.012	 1.313	 0.028	35.348	 1.062	 5.477	 0.131	113.94775	-32.20389
NY Aps                 	Ar	G9V        	 9.421	 0.020	 1.577	 0.033	50.302	 2.682	 5.913	 0.232	228.09767	-75.25433
BW Phe                 	Ar	K3Ve       	 8.992	 0.016	 1.952	 0.032	40.634	 2.708	 5.947	 0.290	014.23112	-51.87553
TYC 8641-1961-1        	Ar	K0IIIe     	11.015	 0.074	 2.308	 0.077	54.000	 3.000	 7.353	 0.252	184.26937	-57.73219
TYC 5174-242-1         	Ar	M0V        	11.525	 0.020	 2.935	 0.033	33.000	 2.000	 8.932	 0.264	304.14100	-07.19603
2MASS J04464970-6034109	Ar	M3V      	11.978	 0.070	 3.428	 0.073	37.000	 2.000	 9.137	 0.245	071.70708	-60.56972
2MASS J12092998-7505400	Ar	M3V        	13.600	 0.100	 3.689	 0.103	78.000	 4.000	 9.140	 0.244	182.37496	-75.09447
2MASS J19312434-2134226	Ar	M3V      	12.539	 0.010	 3.845	 0.022	26.000	 2.000	10.464	 0.334	292.85142	-21.57294
GJ 4282                	Ar	M3V+M3V	12.380	 0.100	 3.846	 0.103	32.000	 1.000	 9.854	 0.169	338.34442	-09.61492
HD 43162B              	Ar	M4V      	12.460	 0.100	 4.091	 0.104	16.000	 2.000	11.439	 0.552	093.43917	-23.86875
2MASS J10252563-4918389	Ar	M4V        	13.241	 0.110	 4.117	 0.117	27.000	 1.000	11.084	 0.195	156.35683	-49.31083
2MASS J09423823-6229028	Ar	M4V      	14.336	 0.010	 4.123	 0.030	30.000	 1.000	11.950	 0.145	145.65942	-62.48408
2MASS J19224278-0515536	Ar	K5V        	14.047	 0.060	 4.124	 0.064	45.000	 6.000	10.781	 0.582	290.67825	-05.26489
2MASS J05090356-4209199	Ar	M4V      	13.731	 0.010	 4.153	 0.024	51.000	 4.000	10.193	 0.341	077.26487	-42.15553
2MASS J23205766-0147373	Ar	M4V      	13.694	 0.010	 4.339	 0.026	41.000	 2.700	10.630	 0.286	350.24037	-01.79369
GJ 3928                	Ar	M4V+M7.0V	13.658	 0.030	 4.730	 0.036	13.000	 1.000	13.088	 0.335	238.88225	+35.20089
2MASS J23532520-7056410	Ar	M4V      	13.430	 0.100	 4.747	 0.103	17.000	 1.000	12.278	 0.274	358.35475	-70.94478
AP Col                 	Ar	M5Ve     	12.947	 0.060	 5.205	 0.066	 8.389	 0.069	13.329	 0.070	091.21725	-34.56008
2MASS J09445422-1220544	Ar	M5V        	13.750	 0.110	 5.254	 0.113	12.000	 1.000	13.354	 0.378	146.22592	-12.34844
HR 7329                	BP	A0Vn+M7.5V 	 5.043	 0.005	 0.035	 0.037	48.216	 0.488	 1.627	 0.044	290.71337	-54.42392
HR 6070                	BP	A1Va       	 4.784	 0.009	 0.048	 0.020	41.288	 0.375	 1.705	 0.040	244.57458	-28.61403
HR 789                 	BP	A1Vb       	 4.745	 0.005	 0.241	 0.025	35.689	 2.789	 1.982	 0.339	039.94996	-42.89167
HR 2020                	BP	A6V        	 3.845	 0.005	 0.364	 0.030	19.440	 0.045	 2.402	 0.011	086.82121	-51.06650
HR 7012                	BP	A7V        	 4.780	 0.007	 0.407	 0.031	28.547	 0.155	 2.502	 0.025	281.36208	-64.87125
HIP 88726              	BP	A6V+A7V    	 4.929	 0.025	 0.442	 0.030	41.841	 1.155	 1.821	 0.123	271.70787	-43.42522
HR 1474                	BP	F0IV       	 5.215	 0.009	 0.558	 0.038	29.429	 0.294	 2.871	 0.044	069.40054	-02.47356
HR 9                   	BP	F3V        	 6.172	 0.004	 0.721	 0.024	39.386	 0.589	 3.195	 0.065	001.70871	-23.10753
HD 181327              	BP	F6V        	 7.037	 0.010	 0.837	 0.026	51.813	 1.745	 3.465	 0.147	290.74558	-54.53806
HD 164249A             	BP	F6V        	 7.007	 0.010	 0.848	 0.022	48.146	 1.298	 3.594	 0.118	270.76421	-51.64900
HD 191089              	BP	F5V        	 7.181	 0.010	 0.860	 0.022	52.219	 1.227	 3.592	 0.103	302.27171	-26.22403
HD 14082               	BP	F7V        	 7.031	 0.011	 0.981	 0.028	37.600	 2.700	 4.155	 0.312	034.35537	+28.74506
HD 160305              	BP	G0V     	 8.357	 0.017	 1.012	 0.027	72.463	 4.568	 4.057	 0.274	265.45433	-50.72444
AF Lep                 	BP	F7V        	 6.296	 0.010	 1.028	 0.029	27.042	 0.351	 4.135	 0.057	081.76983	-11.90097
HD 199143              	BP	F7V+M2V    	 7.319	 0.012	 1.112	 0.023	45.662	 1.605	 4.021	 0.153	313.94862	-17.11417
HD 14082B              	BP	G3V        	 7.755	 0.013	 1.185	 0.025	37.600	 2.700	 4.879	 0.312	034.35304	+28.74175
HD 168210              	BP	G3IV       	 8.797	 0.019	 1.271	 0.030	72.569	 5.372	 4.493	 0.322	274.96754	-29.27578
V824 Ara               	BP	G5V+K1V    	 6.723	 0.020	 1.435	 0.038	31.447	 0.494	 4.235	 0.071	259.35625	-66.95103
CD-54 7336             	BP	K1V        	 9.529	 0.025	 1.588	 0.039	71.500	 5.500	 5.258	 0.335	262.47946	-54.26350
PZ Tel                 	BP	G9IV       	 8.461	 0.014	 1.605	 0.025	51.493	 2.599	 4.902	 0.220	283.27450	-50.18053
HD 161460              	BP	G9V        	 8.986	 0.018	 1.670	 0.029	76.800	 5.700	 4.559	 0.323	267.14058	-53.11206
HD 139084              	BP	K0V        	 8.153	 0.014	 1.771	 0.028	38.536	 1.693	 5.224	 0.191	234.73975	-57.70758
CD-26 13904            	BP	K4Ve       	10.270	 0.010	 2.189	 0.022	80.500	 6.600	 5.741	 0.356	287.93612	-26.06914
AG Tri                 	BP	K8V        	10.074	 0.042	 2.204	 0.054	39.952	 3.591	 7.066	 0.393	036.87187	+30.97350
BD+05 378              	BP	K5IVe      	10.223	 0.030	 2.319	 0.040	42.034	 2.650	 7.105	 0.275	040.35787	+05.98844
BD+17 232              	BP	K3Ve       	 9.891	 0.020	 2.412	 0.028	53.100	 3.800	 6.266	 0.311	024.41421	+18.59258
AO Men                 	BP	K4V      	 9.989	 0.036	 2.459	 0.041	38.551	 1.338	 7.059	 0.155	094.61754	-72.04486
V4046 Sgr              	BP	K5V+K7V    	10.680	 0.086	 2.609	 0.089	78.900	 6.400	 6.195	 0.363	273.54362	-32.79292
CD-64 1208             	BP	K5Ve       	 9.540	 0.010	 2.634	 0.023	28.547	 0.155	 7.262	 0.026	281.40429	-64.86281
FK Psc                 	BP	K7Ve       	10.842	 0.112	 2.704	 0.114	62.000	 4.600	 6.880	 0.341	005.89446	+20.24128
TYC 9114-1267-1        	BP	K7V        	10.591	 0.053	 2.711	 0.061	32.000	 2.000	 8.065	 0.277	320.36967	-66.91842
2MASS J19233820-4606316	BP	M0V        	11.877	 0.020	 2.765	 0.034	71.000	 4.000	 7.621	 0.245	290.90917	-46.10878
AZ Cap                 	BP	K5IVe+M2V  	10.620	 0.010	 2.771	 0.023	49.300	 3.600	 7.156	 0.317	314.01142	-17.18161
MV Vir                 	BP	K5Vkee   	10.222	 0.060	 2.792	 0.064	30.175	 4.462	 7.824	 0.645	213.58900	-15.35606
2MASS J22424896-7142211	BP	K7Ve       	10.600	 0.010	 2.809	 0.023	38.600	 2.800	 7.667	 0.315	340.70387	-71.70589
TYC 2211-1309-1        	BP	K8IVe      	11.366	 0.040	 2.810	 0.052	47.900	 3.500	 7.964	 0.320	330.17325	+27.25375
TYC 7443-1102-1        	BP	K9IVe      	11.589	 0.020	 2.879	 0.035	61.100	 4.400	 7.659	 0.313	299.01821	-32.12714
CD-31 16041            	BP	K8Ve       	11.200	 0.010	 2.886	 0.023	52.300	 3.900	 7.607	 0.324	282.68533	-31.79650
TYC 6872-1011-1        	BP	M0Ve       	11.780	 0.010	 2.917	 0.023	76.000	 5.000	 7.376	 0.286	284.51733	-29.88464
V1005 Ori              	BP	K8IVe      	10.061	 0.040	 2.944	 0.045	25.880	 1.701	 7.996	 0.288	074.89512	+01.78353
FK Ser                 	BP	K6IVe      	10.620	 0.050	 2.984	 0.054	61.000	 6.000	 6.693	 0.430	275.09479	-10.18711
CD-57 1054             	BP	K8Ve       	10.105	 0.040	 3.010	 0.046	26.781	 0.810	 7.966	 0.137	075.19637	-57.25708
2MASS J17150219-3333398	BP	M0V        	10.933	 0.063	 3.013	 0.067	23.000	 1.000	 9.124	 0.199	258.75917	-33.56106
HIP 11152              	BP	M1V        	11.250	 0.030	 3.068	 0.035	28.686	 2.337	 8.962	 0.355	035.86100	+22.73519
BD-13 6424             	BP	M0Ve       	10.540	 0.010	 3.090	 0.023	28.300	 2.000	 8.281	 0.307	353.12858	-12.26431
2MASS J20013718-3313139	BP	M1V        	12.374	 0.030	 3.219	 0.038	64.600	 4.800	 8.323	 0.324	300.40492	-33.22056
2MASS J01132817-3821024	BP	M3V      	11.716	 0.020	 3.229	 0.029	29.000	 2.000	 9.404	 0.300	018.36737	-38.35072
GJ 3305                	BP	M0Ve       	10.534	 0.020	 3.235	 0.028	29.429	 0.294	 8.190	 0.048	069.40612	-02.49122
TYC 5853-1318-1        	BP	M1V        	11.457	 0.070	 3.308	 0.073	54.200	 4.000	 7.787	 0.328	016.79979	-19.59336
AU Mic                 	BP	M0Ve       	 8.757	 0.022	 3.321	 0.028	 9.910	 0.104	 8.777	 0.051	311.28971	-31.34089
TYC 9073-762-1         	BP	M1Ve       	12.080	 0.100	 3.334	 0.102	54.900	 4.000	 8.382	 0.332	281.71896	-62.17683
2MASS J18142207-3246100	BP	M1Ve       	12.780	 0.100	 3.337	 0.103	85.500	 9.900	 8.120	 0.513	273.59196	-32.76947
BD-21 1074             	BP	M3Ve     	10.410	 0.020	 3.364	 0.029	19.238	 0.481	 8.989	 0.110	076.70800	-21.58589
DZ Cha                 	BP	M0Ve       	12.900	 0.100	 3.451	 0.102	68.000	 6.000	 8.737	 0.396	177.38267	-78.85031
HD 164249B             	BP	M2Ve       	12.500	 0.100	 3.590	 0.123	48.146	 1.298	 9.087	 0.154	270.76704	-51.64894
V962 Per               	BP	M2V        	13.318	 0.090	 3.607	 0.093	59.000	 5.000	 9.464	 0.379	070.98696	+37.38425
BD+30 397B             	BP	M0V        	12.440	 0.020	 3.623	 0.047	39.952	 3.591	 9.432	 0.391	036.86687	+30.97792
2MASS J21100535-1919573	BP	M2V        	11.740	 0.040	 3.628	 0.050	32.000	 2.000	 9.214	 0.274	317.52233	-19.33261
2MASS J13545390-7121476	BP	M3V      	12.244	 0.010	 3.695	 0.025	21.000	 1.000	10.633	 0.207	208.72458	-71.36325
2MASS J16572029-5343316	BP	M3V        	12.411	 0.010	 3.717	 0.023	51.000	 3.000	 8.873	 0.256	254.33458	-53.72547
2MASS J05335981-0221325	BP	M3V        	12.418	 0.050	 3.854	 0.055	41.900	 3.300	 9.307	 0.346	083.49925	-02.35900
2MASS J18151564-4927472	BP	M3V        	12.838	 0.030	 3.914	 0.036	61.000	 4.000	 8.911	 0.286	273.81517	-49.46311
2MASS J00172353-6645124	BP	M3V      	12.494	 0.040	 3.931	 0.045	39.047	 2.638	 9.536	 0.296	004.34808	-66.75347
2MASS J17292067-5014529	BP	M3Ve       	12.811	 0.010	 3.943	 0.031	66.000	 4.000	 8.713	 0.263	262.33612	-50.24806
GJ 4326                	BP	M3V        	12.052	 0.010	 4.032	 0.026	12.000	 1.000	11.656	 0.362	349.36696	+19.61303
GJ 2006A               	BP	M4Ve     	12.950	 0.020	 4.068	 0.038	32.289	 1.835	10.405	 0.248	006.95929	-32.55178
2MASS J01535076-1459503	BP	M3V        	12.013	 0.060	 4.075	 0.066	28.000	 2.000	 9.777	 0.316	028.46154	-14.99731
BD-21 1074B            	BP	M3Ve     	11.080	 0.050	 4.077	 0.054	19.238	 0.481	 9.659	 0.120	076.70612	-21.58439
2MASS J19102820-2319486	BP	M4V        	13.222	 0.010	 4.121	 0.023	69.200	 3.400	 9.021	 0.214	287.61754	-23.33017
2MASS J18420694-5554254	BP	M4V      	13.620	 0.100	 4.132	 0.103	54.000	 4.000	 9.958	 0.337	280.52896	-55.90708
2MASS J08173943-8243298	BP	M4V      	11.621	 0.069	 4.152	 0.073	27.000	 2.000	 9.464	 0.329	124.41433	-82.72494
GJ 3322A               	BP	M4IVe      	12.460	 0.070	 4.160	 0.074	24.888	 1.282	10.480	 0.234	075.49496	+09.98314
GJ 3322C               	BP	UKW          	12.460	 0.070	 4.160	 0.074	24.888	 1.282	10.480	 0.234	075.49496	+09.98314
2MASS J02394829-4253049	BP	M5V      	13.480	 0.100	 4.243	 0.106	35.689	 2.789	10.717	 0.354	039.95137	-42.88478
2MASS J19560294-3207186	BP	M4V        	13.230	 0.040	 4.271	 0.048	55.000	 4.000	 9.528	 0.318	299.01225	-32.12186
GJ 2006B               	BP	M4Ve     	13.250	 0.030	 4.277	 0.040	32.289	 1.835	10.705	 0.249	006.95979	-32.55664
HD 155555C             	BP	M3Ve       	12.820	 0.100	 4.278	 0.104	31.447	 0.494	10.332	 0.121	259.38037	-66.95153
2MASS J20434114-2433534	BP	M4V+M4V  	12.880	 0.100	 4.283	 0.102	28.100	 3.900	10.636	 0.611	310.92142	-24.56478
2MASS J01365516-0647379	BP	M4V      	13.997	 0.110	 4.290	 0.112	24.000	 0.400	12.096	 0.132	024.22987	-06.79386
2MASS J06131330-2742054	BP	M4V        	12.300	 0.030	 4.298	 0.045	29.377	 0.863	 9.960	 0.131	093.30546	-27.70156
WW PsA                 	BP	M4IVe      	12.099	 0.010	 4.313	 0.021	23.343	 1.967	10.258	 0.366	341.24154	-33.25047
2MASS J20100002-2801410	BP	M4Ve       	12.988	 0.020	 4.337	 0.030	47.962	 3.059	 9.584	 0.278	302.50017	-28.02806
2MASS J23500639+2659519	BP	M4V        	14.547	 0.020	 4.405	 0.028	23.000	 2.000	12.738	 0.378	357.52662	+26.99775
AT Mic                 	BP	M4Ve+M4Ve  	10.240	 0.020	 4.433	 0.033	10.695	 0.420	10.094	 0.172	310.46317	-32.43522
2MASS J23512227+2344207	BP	M4V        	14.178	 0.050	 4.495	 0.055	16.000	 1.000	13.157	 0.276	357.84283	+23.73911
2MASS J03323578+2843554	BP	M4V        	13.880	 0.010	 4.523	 0.023	55.000	 4.000	10.178	 0.316	053.14912	+28.73203
2MASS J05294468-3239141	BP	M5V      	13.740	 0.070	 4.525	 0.075	26.185	 1.104	11.650	 0.196	082.43617	-32.65394
2MASS J19243494-3442392	BP	M4V        	14.300	 0.010	 4.630	 0.025	55.000	 3.000	10.598	 0.237	291.14562	-34.71092
TX PsA                 	BP	M5IVe      	13.371	 0.020	 4.690	 0.028	23.343	 1.967	11.530	 0.366	341.25021	-33.25717
2MASS J05082729-2101444	BP	M5V        	14.410	 0.100	 4.694	 0.103	30.500	 4.900	11.989	 0.705	077.11375	-21.02900
HD 139084B             	BP	M5Ve       	14.800	 0.100	 4.750	 0.110	38.536	 1.693	11.871	 0.215	234.73667	-57.70528
2MASS J21103147-2710578	BP	M5V      	15.146	 0.010	 4.850	 0.025	42.000	 3.000	12.030	 0.310	317.63117	-27.18272
2MASS J05241914-1601153	BP	M5V      	13.569	 0.040	 4.901	 0.048	31.600	 4.900	11.071	 0.675	081.07979	-16.02092
GJ 3322B               	BP	UKW          	13.560	 0.070	 4.910	 0.074	24.888	 1.282	11.580	 0.234	075.49496	+09.98314
2MASS J20333759-2556521	BP	M5Ve     	14.870	 0.020	 5.158	 0.031	48.309	 3.337	11.450	 0.301	308.40662	-25.94783
GJ 3076                	BP	M5Ve     	14.430	 0.030	 5.348	 0.040	21.839	 0.849	12.734	 0.171	017.85592	+15.43931
TWA 22                 	BP	M5V        	13.960	 0.010	 5.406	 0.023	17.544	 0.215	12.739	 0.054	154.36204	-53.90736
HD 83096               	Ca	F2V+G9V    	 7.324	 0.010	 0.857	 0.021	83.472	 3.554	 2.716	 0.185	142.85367	-73.74703
HD 49855               	Ca	G6V        	 8.924	 0.016	 1.231	 0.033	58.241	 2.442	 5.098	 0.183	100.94267	-71.97650
V479 Car               	Ca	K1Ve       	10.036	 0.034	 1.479	 0.044	88.028	 8.834	 5.313	 0.437	140.89575	-61.19331
AB Pic                 	Ca	K1Ve       	 9.128	 0.019	 1.552	 0.031	46.062	 1.464	 5.811	 0.139	094.80379	-58.05431
HD 55279               	Ca	K2V        	10.121	 0.035	 1.856	 0.042	58.824	 3.080	 6.273	 0.230	105.12704	-79.69611
2MASS J09032434-6348330	Ca	M3V      	12.058	 0.040	 2.491	 0.048	66.000	 3.000	 7.960	 0.201	135.85142	-63.80917
2MASS J07523324-6436308	Ca	K7V        	12.318	 0.020	 2.614	 0.033	88.000	 5.000	 7.596	 0.248	118.13858	-64.60847
2MASS J04082685-7844471	Ca	M0V        	12.197	 0.040	 2.913	 0.046	53.000	 2.000	 8.576	 0.169	062.11187	-78.74644
2MASS J06234024-7504327	Ca	M4V      	13.764	 0.030	 3.889	 0.040	60.000	 2.000	 9.873	 0.148	095.91767	-75.07578
2MASS J07540718-6320149	Ca	M3V        	14.309	 0.030	 3.975	 0.040	80.000	 5.000	 9.794	 0.273	118.52996	-63.33750
2MASS J06112997-7213388	Ca	M5V      	13.910	 0.010	 4.359	 0.024	48.000	 2.000	10.504	 0.181	092.87492	-72.22744
2MASS J10140807-7636327	Ca	M4V        	14.186	 0.020	 4.439	 0.030	69.000	 2.000	 9.992	 0.127	153.53362	-76.60911
HR 1975                	Co	A0V        	 5.727	 0.009	-0.060	 0.025	75.075	 2.367	 1.349	 0.142	085.84029	-18.55747
HR 1621                	Co	B9Vann     	 4.903	 0.010	-0.049	 0.038	60.680	 0.921	 0.988	 0.067	075.35658	-20.05192
HD 31647A              	Co	A1Va       	 4.999	 0.009	 0.056	 0.028	52.274	 2.159	 1.407	 0.180	074.81421	+37.89025
HR 2466                	Co	A2V        	 5.216	 0.009	 0.177	 0.038	43.630	 1.275	 2.017	 0.131	100.60137	+17.64531
HR 1082                	Co	A3IV/V     	 6.373	 0.005	 0.214	 0.022	71.942	 2.088	 2.088	 0.172	052.97354	-25.61414
HR 1915                	Co	A2III/IV   	 6.256	 0.010	 0.298	 0.026	52.798	 1.199	 2.643	 0.099	084.04292	-28.70800
V342 Peg               	Co	F0Vk       	 5.980	 0.010	 0.597	 0.029	39.401	 1.087	 3.002	 0.120	346.86967	+21.13425
HD 15115               	Co	F4IV       	 6.781	 0.011	 0.753	 0.023	45.228	 1.309	 3.504	 0.126	036.56767	+06.29256
HD 30447               	Co	F3V        	 7.863	 0.010	 0.764	 0.021	80.257	 4.573	 3.340	 0.248	071.70637	-26.30244
HD 37484               	Co	F3V        	 7.247	 0.011	 0.777	 0.027	56.786	 1.999	 3.476	 0.153	084.41512	-28.62631
HD 984                 	Co	F5V        	 7.318	 0.011	 0.916	 0.026	47.148	 1.423	 3.950	 0.132	003.54271	-07.19911
AS Col                 	Co	F6V        	 7.383	 0.011	 0.967	 0.026	48.309	 0.957	 3.963	 0.087	080.15854	-39.75494
HD 40216               	Co	F7V        	 7.470	 0.011	 0.976	 0.023	54.377	 1.301	 3.793	 0.105	088.92983	-38.10453
HD 38397               	Co	G0V        	 8.132	 0.012	 1.076	 0.027	55.371	 1.380	 4.415	 0.109	085.89921	-39.92353
V1358 Ori              	Co	F9V        	 7.948	 0.012	 1.100	 0.024	49.237	 1.964	 4.486	 0.174	094.78358	-03.43900
HD 31647B              	Co	G0V        	 8.142	 0.078	 1.109	 0.084	52.274	 2.159	 4.550	 0.196	074.81425	+37.89164
HD 26980               	Co	G3V        	 9.197	 0.021	 1.255	 0.034	80.515	 6.288	 4.668	 0.340	063.59404	-38.31711
RT Pic                 	Co	G8V        	 9.068	 0.018	 1.338	 0.027	52.549	 1.657	 5.466	 0.138	090.17208	-44.89725
HD 32372               	Co	G5V        	 9.537	 0.026	 1.403	 0.035	76.336	 4.545	 5.123	 0.260	075.21612	-41.01853
HD 23524               	Co	G8V        	 8.699	 0.010	 1.477	 0.023	51.680	 4.327	 5.132	 0.364	057.09583	+52.03786
HD 36329               	Co	G3V        	 9.180	 0.010	 1.871	 0.022	70.872	 2.863	 4.928	 0.176	082.35042	-34.51542
2MASS J03494535-6730350	Co	K7V        	12.215	 0.060	 2.369	 0.064	81.000	 4.000	 7.673	 0.223	057.43900	-67.50972
CD-44 753              	Co	K5Ve       	10.417	 0.050	 2.399	 0.057	51.000	 2.000	 6.879	 0.178	037.63504	-43.70647
2MASS J01540267-4040440	Co	K7V        	12.282	 0.020	 2.499	 0.031	84.000	 4.000	 7.661	 0.208	028.51117	-40.67889
CD-48 4797             	Co	K6Ve       	11.490	 0.010	 2.545	 0.035	59.000	 4.000	 7.636	 0.294	143.30954	-48.80922
2MASS J03241504-5901125	Co	K6Ve       	12.108	 0.050	 2.561	 0.055	90.000	 5.000	 7.337	 0.246	051.06271	-59.02014
TYC 7133-2511-1        	Co	K4IVe      	12.390	 0.100	 2.861	 0.103	90.000	13.000	 7.619	 0.635	122.16362	-36.08383
2MASS J07065772-5353463	Co	M0V        	11.424	 0.030	 2.882	 0.042	53.000	 4.000	 7.803	 0.329	106.74050	-53.89622
HIP 17248              	Co	M0V        	11.251	 0.030	 2.904	 0.040	35.211	 2.703	 8.518	 0.335	055.40533	+55.21856
DK Leo                 	Co	M3V      	10.010	 0.040	 2.936	 0.046	23.084	 0.959	 8.193	 0.185	153.57992	+21.07489
2MASS J04071148-2918342	Co	M0V        	12.063	 0.020	 3.008	 0.028	72.000	 4.000	 7.776	 0.242	061.79787	-29.30950
2MASS J05432676-3025129	Co	M3V      	13.448	 0.050	 3.035	 0.055	87.000	11.000	 8.750	 0.551	085.86150	-30.42028
2MASS J04515303-4647309	Co	M0Ve       	13.030	 0.100	 3.230	 0.103	77.000	 5.000	 8.598	 0.299	072.97100	-46.79194
2MASS J03050976-3725058	Co	M2V        	13.081	 0.010	 3.537	 0.024	72.000	 4.000	 8.794	 0.241	046.29071	-37.41828
2MASS J05100488-2340148	Co	M2V        	13.321	 0.030	 3.723	 0.047	57.000	 5.000	 9.542	 0.382	077.52042	-23.67086
2MASS J05164586-5410168	Co	M3V        	14.184	 0.060	 3.753	 0.065	69.000	 6.000	 9.990	 0.382	079.19112	-54.17136
2MASS J04240094-5512223	Co	M3V      	13.574	 0.020	 3.775	 0.030	68.000	 5.000	 9.411	 0.320	066.00396	-55.20622
2MASS J05100427-2340407	Co	M3V        	13.033	 0.030	 3.792	 0.041	48.000	 4.000	 9.627	 0.363	077.51779	-23.67803
2MASS J05395494-1307598	Co	M3V        	14.460	 0.030	 3.859	 0.046	54.000	 8.000	10.798	 0.645	084.97892	-13.13331
2MASS J05195695-1124440	Co	M4V      	14.253	 0.040	 3.884	 0.046	73.000	 7.000	 9.936	 0.418	079.98733	-11.41228
2MASS J02335984-1811525	Co	M3V        	13.984	 0.040	 3.891	 0.049	77.000	 5.000	 9.552	 0.285	038.49937	-18.19792
GJ 1284                	Co	M2Ve       	11.108	 0.050	 3.908	 0.053	16.202	 0.927	10.060	 0.253	352.55600	-20.39097
2MASS J05470650-3210413	Co	M3V      	13.776	 0.060	 3.918	 0.064	52.000	 7.000	10.196	 0.588	086.77712	-32.17814
2MASS J06002304-4401217	Co	M4V        	14.403	 0.040	 4.095	 0.056	58.000	 9.000	10.586	 0.675	090.09604	-44.02272
2MASS J05111098-4903597	Co	M4V      	14.756	 0.010	 4.115	 0.028	62.000	 5.000	10.794	 0.350	077.79575	-49.06661
V909 Ori               	Co	M3V        	14.213	 0.140	 4.116	 0.143	75.000	 6.000	 9.838	 0.375	085.73283	-07.31064
2MASS J04091413-4008019	Co	M4V      	14.785	 0.020	 4.134	 0.029	63.000	 4.000	10.788	 0.276	062.30887	-40.13386
2MASS J05241317-2104427	Co	M4V        	14.377	 0.030	 4.169	 0.038	52.000	 5.000	10.797	 0.419	081.05487	-21.07856
2MASS J05142878-1514546	Co	M4V      	15.255	 0.020	 4.309	 0.031	58.000	 8.000	11.438	 0.599	078.61996	-15.24853
2MASS J05331130-2914199	Co	M4V        	14.562	 0.010	 4.344	 0.029	55.000	 7.000	10.860	 0.553	083.29708	-29.23886
RECX 2                 	EC	B8V        	 5.453	 0.009	-0.235	 0.021	94.967	 1.443	 0.565	 0.067	130.33129	-78.96336
RECX 8                 	EC	A7V        	 6.042	 0.004	 0.048	 0.030	92.851	 2.069	 1.203	 0.097	130.80092	-79.07008
RECX 13                	EC	A1V        	 7.385	 0.010	 0.326	 0.028	94.274	 1.184	 2.513	 0.055	130.43629	-79.04814
RECX 11                	EC	K5IVe      	11.130	 0.020	 2.401	 0.028	94.274	 1.184	 6.258	 0.058	131.75679	-78.99289
RECX 7                 	EC	K5IVe      	10.840	 0.020	 2.420	 0.031	94.274	 1.184	 5.968	 0.058	130.78017	-79.08125
RECX 1                 	EC	K5IVe      	10.610	 0.020	 2.455	 0.028	94.274	 1.184	 5.738	 0.058	129.23429	-78.94603
RECX 10                	EC	K9IV    	12.530	 0.020	 2.877	 0.030	94.274	 1.184	 7.658	 0.058	131.13292	-78.77531
RECX 4                 	EC	M0IVe      	12.730	 0.020	 3.195	 0.031	94.274	 1.184	 7.858	 0.058	130.59900	-79.06750
RECX 15                	EC	M3V     	13.970	 0.020	 3.465	 0.033	94.274	 1.184	 9.098	 0.058	130.82742	-79.08839
RECX 12                	EC	M3V     	13.170	 0.020	 3.847	 0.031	94.274	 1.184	 8.298	 0.058	131.98654	-78.91478
RECX 6                 	EC	M3V        	14.080	 0.020	 3.848	 0.034	94.274	 1.184	 9.208	 0.058	130.66154	-78.91186
RECX 3                 	EC	M4IV  	14.370	 0.020	 4.021	 0.030	94.274	 1.184	 9.498	 0.058	130.40433	-79.05844
RECX 5                 	EC	M4V        	15.200	 0.020	 4.423	 0.030	94.274	 1.184	10.328	 0.058	130.61287	-78.96331
RECX 9                 	EC	M5V      	15.000	 0.020	 4.740	 0.033	94.274	 1.184	10.128	 0.058	131.06837	-78.98556
RECX 14                	EC	M4V     	17.070	 0.020	 5.261	 0.034	94.274	 1.184	12.198	 0.058	130.37625	-78.88514
RECX 17                	EC	M5V     	16.820	 0.020	 5.545	 0.030	94.274	 1.184	11.948	 0.058	129.71458	-79.27047
RECX 18                	EC	M5V      	17.660	 0.020	 5.811	 0.031	94.274	 1.184	12.788	 0.058	129.04471	-79.13844
RECX 16                	EC	M5V     	18.400	 0.100	 5.895	 0.103	94.274	 1.184	13.528	 0.114	131.03812	-78.56269
HR 7790                	TH	B2.5IV     	 1.933	 0.007	-0.439	 0.031	54.825	 1.563	-1.762	 0.124	306.41192	-56.73508
HR 674                 	TH	B8IV       	 3.549	 0.010	-0.222	 0.032	47.125	 0.266	 0.183	 0.027	034.12746	-51.51217
HR 1190                	TH	B9.5Van    	 4.721	 0.009	-0.075	 0.018	50.736	 2.214	 1.194	 0.190	057.14950	-37.62017
HR 126                 	TH	B9IV       	 4.364	 0.008	-0.068	 0.031	41.408	 0.343	 1.279	 0.037	007.88612	-62.95822
HR 806                 	TH	B9Va       	 4.098	 0.006	-0.065	 0.031	46.555	 0.195	 0.758	 0.019	039.89733	-68.26694
HR 1189                	TH	A1Va       	 5.246	 0.009	-0.042	 0.019	50.736	 2.214	 1.719	 0.190	057.14783	-37.62200
HR 136                 	TH	A1Va       	 5.093	 0.017	 0.096	 0.041	45.558	 0.394	 1.800	 0.041	008.18296	-63.03150
HR 9062                	TH	A1Va+n     	 4.994	 0.008	 0.145	 0.038	47.438	 1.103	 1.613	 0.101	359.39617	-64.29822
HR 943                 	TH	A3V        	 6.183	 0.005	 0.292	 0.021	54.645	 1.493	 2.495	 0.119	046.96187	-27.83114
HR 127                 	TH	A2V+A7V    	 4.537	 0.008	 0.306	 0.031	51.653	 7.924	 0.972	 0.666	007.88950	-62.96556
HR 6351                	TH	A5V        	 6.074	 0.010	 0.420	 0.023	54.975	 0.937	 2.373	 0.075	255.97325	+34.79022
HD 200798              	TH	A5/6IV/V   	 6.695	 0.010	 0.482	 0.022	70.872	 2.210	 2.443	 0.136	316.96342	-54.21653
HD 12894               	TH	F4V        	 6.446	 0.010	 0.750	 0.045	47.755	 1.049	 3.051	 0.096	031.14633	-54.88169
HD 20121               	TH	F4V+F9V    	 6.014	 0.036	 0.758	 0.030	42.499	 1.120	 2.872	 0.120	048.10729	-44.41967
HD 24636               	TH	F3IV/V     	 7.127	 0.010	 0.760	 0.023	54.054	 1.169	 3.463	 0.094	057.04779	-74.69411
HR 8352                	TH	F3V        	 5.898	 0.006	 0.785	 0.037	46.468	 0.885	 2.562	 0.083	328.79746	-61.88661
HD 30051               	TH	F2V   	 7.109	 0.010	 0.821	 0.023	63.573	 3.961	 3.092	 0.271	070.82167	-23.62833
HD 207575              	TH	F6V        	 7.226	 0.010	 0.868	 0.029	45.331	 1.356	 3.944	 0.130	328.04050	-62.05236
HD 53842               	TH	F5V        	 7.461	 0.011	 0.908	 0.031	56.022	 1.130	 3.720	 0.088	101.55642	-83.99153
HD 13246               	TH	F7V        	 7.496	 0.011	 0.962	 0.023	44.170	 0.878	 4.270	 0.087	031.85883	-59.67942
HD 1466                	TH	F8V        	 7.459	 0.011	 0.997	 0.021	41.545	 0.898	 4.367	 0.095	004.60883	-63.47750
HD 32195               	TH	F7V        	 8.172	 0.012	 1.002	 0.024	61.013	 1.899	 4.245	 0.136	072.02154	-80.77925
HD 17250               	TH	F7V        	 7.877	 0.014	 1.018	 0.038	54.318	 3.068	 4.202	 0.246	041.56087	+05.59258
HD 20385               	TH	F6V        	 7.485	 0.011	 1.028	 0.024	49.237	 1.430	 4.023	 0.127	049.16946	-03.53025
HD 105                 	TH	G0V        	 7.509	 0.010	 1.045	 0.023	39.386	 0.915	 4.532	 0.101	001.46892	-41.75306
HD 22705               	TH	G2V        	 7.620	 0.011	 1.128	 0.029	43.346	 1.372	 4.435	 0.138	054.22250	-49.95803
HD 25402               	TH	G3V        	 8.374	 0.013	 1.171	 0.023	48.497	 1.670	 4.945	 0.150	060.13329	-41.74844
HD 29615               	TH	G3V        	 8.466	 0.011	 1.193	 0.026	56.180	 2.809	 4.718	 0.217	069.68308	-27.03383
DK Cet                 	TH	G4V        	 8.072	 0.012	 1.216	 0.026	40.900	 1.121	 5.013	 0.120	029.45408	-21.90147
HD 202917              	TH	G5V        	 8.630	 0.014	 1.244	 0.025	42.974	 1.810	 5.464	 0.183	320.20817	-53.03419
HD 8558                	TH	G6V        	 8.515	 0.014	 1.274	 0.025	49.529	 2.036	 5.041	 0.179	020.83854	-57.48075
HD 13183               	TH	G5V        	 8.648	 0.014	 1.301	 0.028	50.942	 1.661	 5.112	 0.142	031.82525	-53.19903
HD 987                 	TH	G6V        	 8.732	 0.015	 1.326	 0.026	44.405	 1.617	 5.495	 0.159	003.47087	-74.68828
HD 222259A             	TH	G6V        	 8.469	 0.012	 1.347	 0.027	45.683	 1.753	 5.171	 0.167	354.91450	-69.19581
V857 Ara               	TH	G8V        	 9.503	 0.022	 1.495	 0.028	58.928	 4.653	 5.651	 0.344	259.56104	-60.45764
TYC 8852-264-1         	TH	K1Ve       	10.148	 0.035	 1.533	 0.041	64.900	 3.200	 6.087	 0.217	018.31392	-64.19308
HD 20121C              	TH	G9V        	 8.656	 0.036	 1.556	 0.030	42.499	 1.120	 5.514	 0.120	048.10696	-44.42072
HD 208233              	TH	G9IV       	 8.903	 0.014	 1.593	 0.029	58.038	 3.571	 5.084	 0.268	329.46446	-68.21392
AT Col                 	TH	K1Ve       	 9.576	 0.024	 1.671	 0.032	66.900	 4.300	 5.449	 0.280	084.27212	-39.54067
CD-52 465              	TH	G2V        	 9.214	 0.022	 1.680	 0.043	47.125	 0.266	 5.848	 0.033	034.09987	-51.52994
BS Ind                 	TH	G9V        	 8.872	 0.016	 1.688	 0.030	45.147	 2.854	 5.599	 0.275	320.24917	-52.47781
CD-46 644              	TH	K4V      	11.240	 0.010	 1.848	 0.138	75.858	 3.793	 6.840	 0.217	032.73075	-46.06631
TYC 9357-1011-1        	TH	K4V      	10.590	 0.020	 1.904	 0.031	54.954	 2.748	 6.890	 0.218	030.03821	-80.41694
BO Mic                 	TH	K3Ve       	 9.447	 0.019	 1.934	 0.028	54.954	 2.748	 5.747	 0.218	311.93754	-36.59467
BD-15 705              	TH	K4V      	10.125	 0.060	 1.936	 0.056	52.481	 2.624	 6.525	 0.225	060.56871	-15.35828
CC Phe                 	TH	K1V        	 9.376	 0.021	 1.971	 0.029	36.023	 1.298	 6.593	 0.158	022.03608	-52.63864
CD-78 24               	TH	K3Ve       	10.210	 0.010	 1.990	 0.023	52.481	 2.624	 6.610	 0.217	010.58467	-77.79439
TYC 6461-1120-2        	TH	K4V      	10.393	 0.038	 2.113	 0.047	43.652	 2.183	 7.193	 0.220	060.01650	-29.04106
HD 3221                	TH	K4Ve       	 9.527	 0.025	 2.190	 0.030	43.937	 1.911	 6.313	 0.190	008.71333	-61.91614
HD 222259B             	TH	K3Ve       	 9.840	 0.010	 2.210	 0.059	45.683	 1.753	 6.541	 0.167	354.91362	-69.19431
CD-60 416              	TH	K5Ve       	10.680	 0.010	 2.352	 0.028	45.709	 2.285	 7.380	 0.217	031.88417	-59.67253
HD 25284               	TH	K4V      	10.377	 0.033	 2.413	 0.044	45.709	 2.285	 7.077	 0.220	060.01600	-29.03783
CD-58 553              	TH	K5Ve       	10.980	 0.010	 2.416	 0.026	47.863	 2.393	 7.664	 0.217	040.63767	-57.66022
CD-35 1167             	TH	K7Ve       	11.120	 0.010	 2.544	 0.029	44.600	 2.200	 7.873	 0.214	049.78612	-35.11678
CD-44 1173             	TH	K6Ve       	10.900	 0.010	 2.600	 0.021	43.652	 2.183	 7.700	 0.217	052.98187	-43.98708
CD-53 544              	TH	K6Ve       	10.220	 0.010	 2.638	 0.025	41.687	 2.084	 7.120	 0.217	040.44512	-52.99789
CD-34 521              	TH	K6Ve       	11.012	 0.047	 2.705	 0.051	39.000	 2.000	 8.057	 0.228	020.51846	-33.61767
TYC 8098-414-1         	TH	K7Ve       	11.740	 0.010	 2.754	 0.026	52.481	 2.624	 8.140	 0.217	083.35658	-51.28700
TYC 8083-455-1         	TH	K7Ve       	11.530	 0.010	 2.789	 0.028	54.954	 2.748	 7.820	 0.217	072.00279	-50.69044
2MASS J23585674-8339423	TH	K6V      	11.931	 0.020	 2.810	 0.030	57.544	 2.877	 8.131	 0.218	359.73592	-83.66181
CT Tuc                 	TH	M0Ve       	11.470	 0.010	 2.855	 0.029	45.809	 5.078	 8.165	 0.482	006.31108	-61.51342
HIP 107345             	TH	M0Ve       	11.610	 0.010	 2.859	 0.028	43.649	 4.916	 8.410	 0.489	326.12550	-60.97747
HIP 1910               	TH	M0Ve       	11.335	 0.020	 2.950	 0.033	52.966	 7.631	 7.715	 0.626	006.03742	-62.18453
TYC 9344-293-1         	TH	M0Ve       	11.820	 0.010	 2.980	 0.031	47.863	 2.393	 8.420	 0.217	351.54462	-73.39719
2MASS J17130733-8552105	TH	M0V        	11.568	 0.050	 2.982	 0.058	62.000	 4.000	 7.606	 0.285	258.28054	-85.86961
2MASS J04440099-6624036	TH	M0.0V      	12.464	 0.010	 2.990	 0.026	57.544	 2.877	 8.664	 0.217	071.00412	-66.40103
2MASS J22021626-4210329	TH	M3V      	12.149	 0.050	 3.224	 0.056	45.709	 2.285	 8.849	 0.223	330.56775	-42.17583
2MASS J23474694-6517249	TH	M1.0V      	12.453	 0.010	 3.354	 0.026	45.709	 2.285	 9.153	 0.217	356.94562	-65.29025
2MASS J00393579-3816584	TH	M3V      	12.207	 0.020	 3.430	 0.029	39.811	 1.991	 9.207	 0.218	009.89917	-38.28289
2MASS J02543316-5108313	TH	M1.0V      	12.101	 0.010	 3.433	 0.029	43.652	 2.183	 8.901	 0.217	043.63817	-51.14206
GJ 3054                	TH	M3V      	11.968	 0.050	 3.487	 0.054	40.355	 4.316	 8.939	 0.467	011.36729	-51.62608
2MASS J05392505-4245211	TH	M3V      	13.017	 0.030	 3.571	 0.037	52.481	 2.624	 9.417	 0.219	084.85437	-42.75589
2MASS J00152752-6414545	TH	M2V      	12.902	 0.020	 3.577	 0.032	50.119	 2.506	 9.402	 0.218	003.86467	-64.24856
2MASS J02365171-5203036	TH	M2Ve       	12.012	 0.070	 3.592	 0.074	41.000	 2.000	 8.948	 0.223	039.21546	-52.05103
2MASS J02125819-5851182	TH	M2V      	12.925	 0.020	 3.600	 0.031	47.863	 2.393	 9.525	 0.218	033.24250	-58.85506
2MASS J01521830-5950168	TH	M3V      	12.545	 0.020	 3.604	 0.028	39.811	 1.991	 9.545	 0.218	028.07625	-59.83800
2MASS J00493566-6347416	TH	M3V      	12.895	 0.050	 3.614	 0.058	45.709	 2.285	 9.595	 0.223	012.39867	-63.79492
2MASS J22025453-6440441	TH	M2V      	12.683	 0.030	 3.628	 0.040	45.709	 2.285	 9.383	 0.219	330.72721	-64.67892
2MASS J02474639-5804272	TH	M2V      	13.004	 0.050	 3.648	 0.055	43.652	 2.183	 9.804	 0.223	041.94333	-58.07422
AF Hor                 	TH	M2Ve       	12.130	 0.040	 3.649	 0.048	45.709	 2.285	 8.830	 0.221	040.44712	-52.99186
2MASS J00302572-6236015	TH	M2V      	12.103	 0.050	 3.658	 0.055	43.652	 2.183	 8.903	 0.223	007.60717	-62.60042
2MASS J02001277-0840516	TH	M2V      	12.442	 0.070	 3.676	 0.074	38.019	 1.901	 9.542	 0.228	030.05325	-08.68108
2MASS J22463471-7353504	TH	M3V      	13.418	 0.030	 3.754	 0.038	52.481	 2.624	 9.818	 0.219	341.64462	-73.89733
2MASS J04470041-5134405	TH	M2V      	13.838	 0.040	 3.776	 0.046	54.954	 2.748	10.138	 0.221	071.75171	-51.57792
2MASS J23285763-6802338	TH	M3V      	13.045	 0.010	 3.788	 0.025	50.119	 2.506	 9.545	 0.217	352.24017	-68.04278
2MASS J02155892-0929121	TH	M3V      	12.222	 0.050	 3.791	 0.056	44.000	 3.000	 9.005	 0.300	033.99558	-09.48675
2MASS J04435860-3643188	TH	M4V      	14.510	 0.100	 3.796	 0.103	54.954	 2.748	10.810	 0.239	070.99417	-36.72189
2MASS J04213904-7233562	TH	M2V      	13.700	 0.060	 3.830	 0.064	57.544	 2.877	 9.900	 0.225	065.41271	-72.56561
2MASS J19225071-6310581	TH	M3V        	13.288	 0.070	 3.833	 0.073	61.000	 4.000	 9.361	 0.293	290.71133	-63.18283
2MASS J00125703-7952073	TH	M3V      	13.558	 0.060	 3.876	 0.065	47.863	 2.393	10.158	 0.225	003.23767	-79.86869
2MASS J04133314-5231586	TH	M3V      	13.911	 0.040	 3.908	 0.048	50.119	 2.506	10.411	 0.221	063.38808	-52.53294
2MASS J02070176-4406380	TH	M2V      	13.213	 0.060	 3.943	 0.066	43.652	 2.183	10.013	 0.225	031.75733	-44.11056
2MASS J04274963-3327010	TH	M4V      	15.200	 0.100	 3.990	 0.103	52.481	 2.624	11.600	 0.239	066.95679	-33.45028
2MASS J02590284-6120000	TH	M4V      	15.590	 0.100	 3.992	 0.103	75.858	 3.793	11.190	 0.239	044.76183	-61.33333
2MASS J01505688-5844032	TH	M3V      	13.542	 0.020	 4.002	 0.031	45.709	 2.285	10.242	 0.218	027.73704	-58.73422
2MASS J04365738-1613065	TH	M4V      	13.126	 0.010	 4.009	 0.028	39.811	 1.991	10.126	 0.217	069.23917	-16.21844
2MASS J21370885-6036054	TH	M3V      	13.695	 0.020	 4.051	 0.030	47.863	 2.393	10.295	 0.218	324.28687	-60.60153
2MASS J01532494-6833226	TH	M5V      	15.126	 0.010	 4.056	 0.028	43.652	 2.183	11.926	 0.217	028.35454	-68.55633
2MASS J17080882-6936186	TH	M4V      	13.144	 0.010	 4.086	 0.023	49.000	 3.000	 9.693	 0.266	257.03675	-69.60519
2MASS J22440873-5413183	TH	M4V        	13.463	 0.010	 4.101	 0.028	49.000	 4.000	10.012	 0.355	341.03642	-54.22175
2MASS J00332438-5116433	TH	M4V      	14.010	 0.050	 4.149	 0.055	41.687	 2.084	10.910	 0.223	008.35158	-51.27869
2MASS J00421010-5444431	TH	M3V      	13.997	 0.020	 4.183	 0.031	45.709	 2.285	10.697	 0.218	010.54208	-54.74531
2MASS J04074372-6825111	TH	M3V      	14.597	 0.030	 4.190	 0.037	60.256	 3.013	10.697	 0.219	061.93217	-68.41975
2MASS J03210395-6816475	TH	M4V      	14.580	 0.020	 4.224	 0.044	54.954	 2.748	10.880	 0.218	050.26646	-68.27986
2MASS J01224511-6318446	TH	M4V      	14.073	 0.010	 4.240	 0.023	45.709	 2.285	10.773	 0.217	020.68796	-63.31239
2MASS J00485254-6526330	TH	M3V      	14.648	 0.020	 4.241	 0.030	50.119	 2.506	11.148	 0.218	012.21892	-65.44250
2MASS J21100614-5811483	TH	M4V      	15.140	 0.100	 4.246	 0.103	52.481	 2.624	11.540	 0.239	317.52558	-58.19675
2MASS J23570417-0337559	TH	M3V      	15.150	 0.010	 4.255	 0.024	52.481	 2.624	11.550	 0.217	359.26737	-03.63222
2MASS J02205139-5823411	TH	M3V      	13.925	 0.010	 4.259	 0.024	38.019	 1.901	11.025	 0.217	035.21412	-58.39475
2MASS J21143354-4213528	TH	M4V      	15.650	 0.100	 4.270	 0.103	52.481	 2.624	12.050	 0.239	318.63975	-42.23133
2MASS J01380311-5904042	TH	M3V      	14.167	 0.040	 4.277	 0.048	41.687	 2.084	11.067	 0.221	024.51300	-59.06783
2MASS J03244056-3904227	TH	M4V      	14.148	 0.050	 4.278	 0.055	43.652	 2.183	10.948	 0.223	051.16904	-39.07300
2MASS J02502222-6545552	TH	M3V      	14.593	 0.060	 4.289	 0.064	52.481	 2.624	10.993	 0.225	042.59312	-65.76533
2MASS J21163528-6005124	TH	M4V      	14.485	 0.010	 4.294	 0.025	47.863	 2.393	11.085	 0.217	319.14700	-60.08678
2MASS J23452225-7126505	TH	M4V      	14.550	 0.010	 4.356	 0.026	45.709	 2.285	11.250	 0.217	356.34271	-71.44739
2MASS J02564708-6343027	TH	M4V      	14.230	 0.100	 4.367	 0.103	60.256	 3.013	10.330	 0.239	044.19621	-63.71744
2MASS J00144767-6003477	TH	M4V      	14.076	 0.020	 4.368	 0.029	41.687	 2.084	10.976	 0.218	003.69867	-60.06325
2MASS J03454058-7509121	TH	M4V        	15.190	 0.100	 4.368	 0.103	55.000	 3.000	11.488	 0.257	056.41912	-75.15339
2MASS J02572682-6341293	TH	M4V      	14.534	 0.010	 4.370	 0.025	63.096	 3.155	10.534	 0.217	044.36175	-63.69147
2MASS J02224418-6022476	TH	MV4        	13.365	 0.010	 4.375	 0.023	32.000	 2.000	10.839	 0.272	035.68396	-60.37989
2MASS J23124644-5049240	TH	M4V      	13.495	 0.010	 4.378	 0.024	45.709	 2.285	10.195	 0.217	348.19354	-50.82333
2MASS J21083826-4244540	TH	M5V      	14.520	 0.100	 4.385	 0.103	43.652	 2.183	11.320	 0.239	317.15942	-42.74833
2MASS J23170011-7432095	TH	M4V      	14.789	 0.010	 4.387	 0.026	39.811	 1.991	11.789	 0.217	349.25046	-74.53597
2MASS J01024375-6235344	TH	M3V      	14.035	 0.030	 4.393	 0.038	45.709	 2.285	10.735	 0.219	015.68225	-62.59292
2MASS J01134031-5939346	TH	M4V      	14.359	 0.070	 4.406	 0.074	43.652	 2.183	11.159	 0.228	018.41796	-59.65961
2MASS J04133609-4413325	TH	M4V      	15.183	 0.050	 4.414	 0.055	60.256	 3.013	11.283	 0.223	063.40042	-44.22569
2MASS J21504048-5113380	TH	M4V      	14.767	 0.010	 4.425	 0.024	47.863	 2.393	11.367	 0.217	327.66867	-51.22722
2MASS J01351393-0712517	TH	M4V      	13.426	 0.040	 4.462	 0.045	43.652	 2.183	10.226	 0.221	023.80800	-07.21431
2MASS J22223966-6303258	TH	M4V      	14.645	 0.020	 4.462	 0.031	45.709	 2.285	11.345	 0.218	335.66525	-63.05717
2MASS J02505959-3409050	TH	M4V      	14.948	 0.020	 4.469	 0.033	47.863	 2.393	11.548	 0.218	042.74833	-34.15142
2MASS J23131671-4933154	TH	M4V      	14.238	 0.030	 4.475	 0.037	41.687	 2.084	11.138	 0.219	348.31962	-49.55431
2MASS J20291446-5456116	TH	M5V      	15.750	 0.100	 4.525	 0.103	43.652	 2.183	12.550	 0.239	307.31025	-54.93656
2MASS J21380269-5744583	TH	M4V      	15.430	 0.010	 4.556	 0.028	45.709	 2.285	12.130	 0.217	324.51121	-57.74953
2MASS J00273330-6157169	TH	M4V      	14.924	 0.010	 4.597	 0.028	43.652	 2.183	11.724	 0.217	006.88875	-61.95469
2MASS J20143542-5430588	TH	M4V      	14.970	 0.100	 4.598	 0.103	28.840	 1.442	12.670	 0.239	303.64758	-54.51636
2MASS J01375879-5645447	TH	M4V      	14.989	 0.010	 4.601	 0.025	45.709	 2.285	11.689	 0.217	024.49496	-56.76242
2MASS J01211297-6117281	TH	M4V      	15.930	 0.100	 4.622	 0.103	52.481	 2.624	12.330	 0.239	020.30404	-61.29114
2MASS J02242453-7033211	TH	M4V      	14.999	 0.010	 4.625	 0.023	43.652	 2.183	11.799	 0.217	036.10287	-70.55589
2MASS J02001992-6614017	TH	M4V      	15.381	 0.010	 4.640	 0.026	50.119	 2.506	11.881	 0.217	030.08367	-66.23389
2MASS J03114544-4719501	TH	M3V      	15.082	 0.010	 4.645	 0.025	43.562	 2.183	11.882	 0.217	047.93933	-47.33061
2MASS J01253196-6646023	TH	M4V      	15.595	 0.010	 4.649	 0.026	47.863	 2.393	12.195	 0.217	021.38317	-66.76731
2MASS J01283025-4921094	TH	M4V      	15.214	 0.030	 4.653	 0.038	41.687	 2.084	12.114	 0.219	022.12604	-49.35261
2MASS J03291649-3702502	TH	M4V      	15.318	 0.030	 4.669	 0.040	41.687	 2.084	12.218	 0.219	052.31904	-37.04728
2MASS J23382851-6749025	TH	M4V      	15.579	 0.010	 4.670	 0.029	52.481	 2.624	11.979	 0.217	354.61879	-67.81736
2MASS J20423672-5425263	TH	M4V      	15.421	 0.010	 4.673	 0.025	47.863	 2.393	12.021	 0.217	310.65300	-54.42397
2MASS J23291752-6749598	TH	M4V      	15.466	 0.030	 4.673	 0.039	47.863	 2.393	12.066	 0.219	352.32300	-67.83328
2MASS J22244102-7724036	TH	M4V      	16.101	 0.010	 4.684	 0.025	52.481	 2.624	12.501	 0.217	336.17092	-77.40100
2MASS J02045317-5346162	TH	M4V      	15.141	 0.020	 4.703	 0.031	43.652	 2.183	11.941	 0.218	031.22158	-53.77119
2MASS J01275875-6032243	TH	M4V      	15.784	 0.010	 4.705	 0.025	47.863	 2.393	12.384	 0.217	021.99529	-60.54014
2MASS J01160045-6747311	TH	M4V      	16.506	 0.100	 4.730	 0.103	66.069	 3.303	12.406	 0.239	019.00187	-67.79197
2MASS J21275054-6841033	TH	M4V      	15.156	 0.010	 4.732	 0.022	52.481	 2.624	11.556	 0.217	321.96058	-68.68425
2MASS J02321934-5746117	TH	M4V      	15.851	 0.040	 4.752	 0.048	47.863	 2.393	12.451	 0.221	038.08100	-57.76997
2MASS J01233280-4113110	TH	M4V      	15.552	 0.010	 4.756	 0.029	38.019	 1.901	12.652	 0.217	020.88667	-41.21972
2MASS J03083950-3844363	TH	M5V      	16.011	 0.010	 4.762	 0.025	57.544	 2.877	12.211	 0.217	047.16479	-38.74342
2MASS J02341866-5128462	TH	M5V      	15.396	 0.050	 4.770	 0.055	41.687	 2.084	12.296	 0.223	038.57775	-51.47950
2MASS J04475779-5035200	TH	M4V      	15.640	 0.040	 4.772	 0.047	60.256	 3.013	11.740	 0.221	071.99079	-50.58889
2MASS J02523550-7831183	TH	M5V      	16.450	 0.100	 4.780	 0.103	60.256	 3.013	12.550	 0.239	043.14792	-78.52175
2MASS J03104941-3616471	TH	M4V      	15.440	 0.100	 4.811	 0.103	43.652	 2.183	12.240	 0.239	047.70592	-36.27975
2MASS J23273447-8512364	TH	M4V      	15.674	 0.010	 4.824	 0.024	54.954	 2.748	11.974	 0.217	351.89362	-85.21011
2MASS J02420204-5359147	TH	M5V      	15.690	 0.100	 4.857	 0.102	41.687	 2.084	12.590	 0.239	040.50858	-53.98742
2MASS J21490499-6413039	TH	M5V      	15.216	 0.010	 4.863	 0.026	45.709	 2.285	11.916	 0.217	327.27079	-64.21775
2MASS J02420404-5359000	TH	M5V      	15.038	 0.020	 4.928	 0.030	41.687	 2.084	11.938	 0.218	040.51687	-53.98336
2MASS J00425349-6117384	TH	M4V      	16.220	 0.100	 4.931	 0.102	43.652	 2.183	13.020	 0.239	010.72287	-61.29400
2MASS J00235732-5531435	TH	M4V      	16.100	 0.100	 4.988	 0.103	41.687	 2.084	13.000	 0.239	005.98883	-55.52875
2MASS J03512287-5154582	TH	M4V      	15.609	 0.020	 5.001	 0.030	50.119	 2.506	12.109	 0.218	057.84562	-51.91614
2MASS J02553178-5702522	TH	M5V      	16.108	 0.010	 5.034	 0.023	45.709	 2.285	12.808	 0.217	043.88279	-57.04786
2MASS J03561624-3915219	TH	M4V      	15.544	 0.090	 5.084	 0.092	52.481	 2.624	11.944	 0.235	059.06796	-39.25606
2MASS J23424333-6224564	TH	M5V      	16.420	 0.100	 5.122	 0.103	45.709	 2.285	13.120	 0.239	355.68054	-62.41567
2MASS J03093877-3014352	TH	M5V      	16.702	 0.010	 5.126	 0.026	43.652	 2.183	13.502	 0.217	047.41154	-30.24311
2MASS J02294869-6906044	TH	M5V      	17.080	 0.100	 5.148	 0.103	45.709	 2.285	13.780	 0.239	037.45287	-69.10122
2MASS J02180960-6657524	TH	M5V      	15.970	 0.010	 5.151	 0.024	41.687	 2.084	12.870	 0.217	034.54000	-66.96456
2MASS J02383255-7528065	TH	M4V      	16.850	 0.100	 5.180	 0.103	52.481	 2.624	13.250	 0.239	039.63562	-75.46847
2MASS J03050556-5317182	TH	M5V      	16.343	 0.010	 5.208	 0.025	43.652	 2.183	13.143	 0.217	046.27354	-53.28844
2MASS J01033563-5515561	TH	M5V      	15.399	 0.050	 5.237	 0.055	41.687	 2.084	12.299	 0.223	015.89854	-55.26561
2MASS J22444835-6650032	TH	M5V      	16.300	 0.100	 5.270	 0.103	45.709	 2.285	13.000	 0.239	341.20146	-66.83422
2MASS J23524562-5229593	TH	M5V      	16.850	 0.100	 5.276	 0.103	43.652	 2.183	13.650	 0.239	358.19008	-52.49981
2MASS J23130558-6127077	TH	M5V      	16.250	 0.100	 5.318	 0.102	47.863	 2.393	12.850	 0.239	348.27325	-61.45214
2MASS J02591904-5122341	TH	M5V      	17.010	 0.100	 5.325	 0.102	47.863	 2.393	13.610	 0.239	044.82933	-51.37614
2MASS J00394063-6224125	TH	M5V      	16.570	 0.100	 5.337	 0.103	41.687	 2.084	13.470	 0.239	009.91929	-62.40347
2MASS J02294569-5541496	TH	M5V      	16.447	 0.010	 5.344	 0.025	45.709	 2.285	13.146	 0.217	037.44037	-55.69711
2MASS J00514081-5913320	TH	M5V      	16.670	 0.100	 5.393	 0.102	41.687	 2.084	13.570	 0.239	012.92004	-59.22556
2MASS J01180670-6258591	TH	M5V      	16.940	 0.100	 5.410	 0.103	39.811	 1.991	13.940	 0.239	019.52792	-62.98308
2MASS J21354554-4218343	TH	M5V      	17.180	 0.035	 5.498	 0.041	57.544	 2.877	13.380	 0.220	323.93975	-42.30956
2MASS J01344601-5707564	TH	M5V      	17.640	 0.100	 5.567	 0.103	63.096	 3.155	13.640	 0.239	023.69171	-57.13233
2MASS J01372781-4558261	TH	M5V      	16.790	 0.100	 5.684	 0.103	38.019	 1.901	13.890	 0.239	024.36587	-45.97392
2MASS J02153328-5627175	TH	M6V      	17.630	 0.100	 5.702	 0.103	41.687	 2.084	14.530	 0.239	033.88867	-56.45489
2MASS J02192210-3925225	TH	M5V      	17.150	 0.100	 5.769	 0.103	36.308	 1.815	14.350	 0.239	034.84212	-39.42292
2MASS J00284683-6751446	TH	M5V      	17.266	 0.180	 5.867	 0.182	45.709	 2.285	13.966	 0.282	007.19512	-67.86239
2MASS J01504543-5716488	TH	M5V      	18.180	 0.100	 6.019	 0.103	43.652	 2.183	14.980	 0.239	027.68929	-57.28022
TWA 11A                	TW	A0V        	 5.773	 0.009	-0.011	 0.021	72.780	 1.748	 1.463	 0.105	189.00429	-39.86950
TWA 21                 	TW	K3IVe      	 9.831	 0.033	 1.961	 0.040	50.505	 3.571	 6.315	 0.309	153.31158	-52.51500
TWA 4A                 	TW	K5V        	 9.442	 0.061	 2.399	 0.057	44.903	 4.658	 6.181	 0.455	170.52204	-24.77772
TWA 9A                 	TW	K7IVe      	11.143	 0.030	 2.459	 0.045	70.000	 3.800	 6.918	 0.238	177.10092	-37.48031
TWA 4B                 	TW	K5V        	 9.946	 0.061	 2.729	 0.057	44.903	 4.658	 6.685	 0.455	170.52204	-24.77753
TWA 6                  	TW	M0Ve       	11.620	 0.010	 2.751	 0.035	59.300	 2.800	 7.755	 0.205	154.61958	-31.83414
TWA 1                  	TW	K8IVe      	11.070	 0.010	 2.853	 0.026	53.706	 6.172	 7.420	 0.499	165.46629	-34.70472
TWA 13A                	TW	M1Ve       	11.460	 0.010	 3.029	 0.044	55.617	 2.846	 7.734	 0.222	170.32175	-34.77931
2MASS J10252092-4241539	TW	M1V        	12.729	 0.040	 3.229	 0.050	72.600	 3.400	 8.424	 0.207	156.33717	-42.69831
TWA 25                 	TW	K9IV    	11.440	 0.010	 3.274	 0.035	54.113	 3.631	 7.774	 0.292	183.87800	-39.81183
2MASS J10260210-4105537	TW	M3V      	12.553	 0.060	 3.377	 0.063	72.700	 3.600	 8.245	 0.223	156.50879	-41.09825
TWA 2                  	TW	M3IVe    	11.070	 0.010	 3.441	 0.032	43.600	 1.800	 7.873	 0.180	167.30750	-30.02775
TWA 13B                	TW	M1Ve       	11.960	 0.010	 3.531	 0.038	59.701	 2.638	 8.080	 0.192	170.32271	-34.78050
TWA 16                 	TW	M2IVe      	12.580	 0.020	 3.586	 0.033	78.370	 3.071	 8.109	 0.171	188.73458	-45.63544
TWA 5AB                	TW	M2Ve       	11.390	 0.040	 3.721	 0.048	50.075	 1.755	 7.892	 0.157	172.98025	-34.60758
TWA 20                 	TW	M3IVe      	13.171	 0.030	 3.840	 0.042	77.340	 3.649	 8.729	 0.207	187.90862	-45.98317
TWA 12                 	TW	M2IVe      	12.850	 0.100	 3.851	 0.106	64.935	 7.168	 8.788	 0.490	170.27292	-38.75453
TWA 7                  	TW	M3IVe      	11.650	 0.010	 3.858	 0.023	34.483	 2.497	 8.962	 0.315	160.62546	-33.67117
TWA 8A                 	TW	M3IVe      	12.265	 0.020	 3.928	 0.031	46.992	 2.230	 8.905	 0.207	173.17187	-26.86553
TWA 10                 	TW	M2Ve       	13.061	 0.050	 3.939	 0.055	61.728	 3.810	 9.109	 0.272	188.76771	-41.61072
TWA 9B                 	TW	M4V      	14.000	 0.100	 4.019	 0.029	70.000	 3.800	 9.775	 0.236	177.09887	-37.48014
TWA 23                 	TW	M1V        	12.638	 0.040	 4.020	 0.049	53.908	 1.395	 8.980	 0.119	181.86408	-32.78342
TWA 11B                	TW	M3V      	13.300	 0.100	 4.148	 0.103	72.780	 1.748	 8.990	 0.144	189.00229	-39.87103
TWA 3                  	TW	M4IVe      	12.053	 0.010	 4.402	 0.021	36.300	 1.500	 9.253	 0.180	167.61621	-37.53111
2MASS J10120908-3124451	TW	M4Ve     	13.460	 0.030	 4.612	 0.035	53.937	 5.062	 9.801	 0.409	153.03787	-31.41258
TWA 11C                	TW	M5V      	14.427	 0.040	 4.637	 0.048	68.966	 2.378	10.234	 0.155	188.95392	-39.84014
TWA 30A                	TW	M5V        	14.410	 0.100	 4.769	 0.103	55.556	 6.790	10.686	 0.540	173.07629	-30.33106
TWA 33                 	TW	M5V      	15.065	 0.010	 5.080	 0.023	52.632	 3.324	11.459	 0.274	174.89096	-30.66675
TWA 8B                 	TW	M5V      	15.220	 0.070	 5.383	 0.074	46.992	 2.230	11.860	 0.218	173.17150	-26.86917
TWA 34                 	TW	M5V      	16.560	 0.100	 5.607	 0.104	49.800	 2.700	13.074	 0.256	157.19087	-28.51042
32 Ori                 	32	B5V        	 4.199	 0.007	-0.307	 0.021	92.851	 5.866	-0.640	 0.274	082.69604	+05.94814
HR 1807                	32	A0Vn       	 6.407	 0.008	 0.013	 0.027	92.166	 4.173	 1.584	 0.197	081.66179	+06.86867
HD 35714               	32	A3V        	 7.031	 0.011	 0.253	 0.027	91.158	 3.809	 2.232	 0.182	081.74996	+07.17028
HD 35499               	32	F4V        	 8.656	 0.016	 0.867	 0.029	91.855	 2.423	 3.840	 0.116	081.31067	+04.19672
HD 36338               	32	F4V      	 8.520	 0.012	 0.906	 0.023	91.855	 2.423	 3.704	 0.115	082.81542	+05.66289
HD 35695               	32	F9V        	 9.272	 0.026	 1.212	 0.035	91.855	 2.423	 4.456	 0.117	081.71679	+06.47297
HD 245567              	32	G5V        	 9.541	 0.032	 1.436	 0.040	91.855	 2.423	 4.726	 0.119	084.32679	+13.58125
HD 245059              	32	G7V        	 9.960	 0.042	 1.938	 0.046	91.855	 2.423	 5.145	 0.122	083.64546	+10.11844
TYC 112-917-1          	32	K4V        	11.660	 0.030	 2.336	 0.038	91.855	 2.423	 6.844	 0.118	080.00121	+06.21767
TYC 112-1486-1         	32	K3V        	11.869	 0.020	 2.624	 0.033	91.855	 2.423	 7.053	 0.116	080.13262	+06.26986
2MASS J05234246+0651581	32	K5V      	12.813	 0.010	 2.945	 0.028	91.855	 2.423	 7.997	 0.115	080.92692	+06.86617
V1874 Ori              	32	K5V      	13.218	 0.030	 3.167	 0.036	91.855	 2.423	 8.402	 0.118	082.32917	+12.15822
2MASS J05253253+0625336	32	M3V        	14.507	 0.030	 3.847	 0.038	91.855	 2.423	 9.691	 0.118	081.38554	+06.42600
2MASS J05194398+0535021	32	M3V        	15.126	 0.060	 4.229	 0.064	91.855	 2.423	10.310	 0.129	079.93325	+05.58392